365808.0433429836
365808.08673307067
365808.1317469032
365808.1722503334
365808.22502205835
365808.2685925601
365808.3099078594
365808.34977982944
365808.39100491826
365808.43069647264
365808.46867407113
365808.5121543603
365808.5363301233
365808.56853440544
365808.65378102986
365805.379948308
365805.38166226266
365805.38481954974
365805.38499996456
365805.38572163077
365805.38436850806
365805.38472934003
365805.3912243267
365805.40241013805
365805.4164826095
365805.46113564447
365805.48964141886
365805.51471928385
365805.5312273756
365805.536639864
365805.5529675408
365805.5691147982
365805.60140931513
365805.62829134124
365805.6527377487
365805.67213249987
365805.7057801384
365805.7325719563
365805.7514254602
365805.7716320822
365805.7922897478
365805.8336050742
365805.85714939935
365805.87257499155
365805.88782016654
365805.9211971784
365805.9625125056
365805.9772164335
365805.98903369706
365806.0042788738
365806.02259112505
365806.043970453
365806.0716643492
365806.1022449071
365806.12651089416
365806.15763270063
365806.18740138435
365806.22213151574
365806.25956788927
365806.288975738
365806.3200073355
365806.3531137166
365806.3909109229
365806.4279864627
365806.4570334782
365806.480938631
365806.5243287375
365806.56374968856
365806.5999231436
365806.6367280568
365806.66902256384
365806.70582747634
365806.7443463425
365806.77871563425
365806.80722139793
365806.858910648
365806.89508410223
365806.92810027045
365806.9554333278
365806.99386198376
365807.0349066738
365807.066569721
365807.1018410902
365807.14559202304
365807.1786081889
365807.2162249692
365807.2527592515
365807.29930663377
365807.33493883244
365807.3615502231
365807.40061033075
365807.43912918924
365807.47927179124
365807.51643752924
365807.5551368034
365807.5965423186
365807.64029324293
365807.6827812545
365807.7312230016
365807.7737110121
365807.81592839776
365807.8606716094
365807.90929376864
365807.9526838574
365807.9996822716
365808.0433429836
365808.08673307067
365808.1317469032
365808.1722503334
365808.22502205835
365808.2685925601
365808.3099078594
365808.34977982944
365808.39100491826
365808.43069647264
365808.46867407113
365808.5121543603
365808.5363301233
365808.56853440544
365808.65378102986
365805.379948308
365805.38166226266
365805.38481954974
365805.38499996456
365805.38572163077
365805.38436850806
365805.38472934003
365805.3912243267
365805.40241013805
365805.4164826095
365805.46113564447
365805.48964141886
365805.51471928385
365805.5312273756
365805.536639864
365805.5529675408
365805.5691147982
365805.60140931513
365805.62829134124
365805.6527377487
365805.67213249987
365805.7057801384
365805.7325719563
365805.7514254602
365805.7716320822
365805.7922897478
365805.8336050742
365805.85714939935
365805.87257499155
365805.88782016654
365805.9211971784
365805.9625125056
365805.9772164335
365805.98903369706
365806.0042788738
365806.02259112505
365806.043970453
365806.0716643492
365806.1022449071
365806.12651089416
365806.15763270063
365806.18740138435
365806.22213151574
365806.25956788927
365806.288975738
365806.3200073355
365806.3531137166
365806.3909109229
365806.4279864627
365806.4570334782
365806.480938631
365806.5243287375
365806.56374968856
365806.5999231436
365806.6367280568
365806.66902256384
365806.70582747634
365806.7443463425
365806.77871563425
365806.80722139793
365806.858910648
365806.89508410223
365806.92810027045
365806.9554333278
365806.99386198376
365807.0349066738
365807.066569721
365807.1018410902
365807.14559202304
365807.1786081889
365807.2162249692
365807.2527592515
365807.29930663377
365807.33493883244
365807.3615502231
365807.40061033075
365807.43912918924
365807.47927179124
365807.51643752924
365807.5551368034
365807.5965423186
365807.64029324293
365807.6827812545
365807.7312230016
365807.7737110121
365807.81592839776
365807.8606716094
365807.90929376864
365807.9526838574
365807.9996822716
365808.0433429836
365808.08673307067
365808.1317469032
365808.1722503334
365808.22502205835
365808.2685925601
365808.3099078594
365808.34977982944
365808.39100491826
365808.43069647264
365808.46867407113
365808.5121543603
365808.5363301233
365808.56853440544
365808.65378102986
365805.379948308
365805.38166226266
365805.38481954974
365805.38499996456
365805.38572163077
365805.38436850806
365805.38472934003
365805.3912243267
365805.40241013805
365805.4164826095
365805.46113564447
365805.48964141886
365805.51471928385
365805.5312273756
365805.536639864
365805.5529675408
365805.5691147982
365805.60140931513
365805.62829134124
365805.6527377487
365805.67213249987
365805.7057801384
365805.7325719563
365805.7514254602
365805.7716320822
365805.7922897478
365805.8336050742
365805.85714939935
365805.87257499155
365805.88782016654
365805.9211971784
365805.9625125056
365805.9772164335
365805.98903369706
365806.0042788738
365806.02259112505
365806.043970453
365806.0716643492
365806.1022449071
365806.12651089416
365806.15763270063
365806.18740138435
365806.22213151574
365806.25956788927
365806.288975738
365806.3200073355
365806.3531137166
365806.3909109229
365806.4279864627
365806.4570334782
365806.480938631
365806.5243287375
365806.56374968856
365806.5999231436
365806.6367280568
365806.66902256384
365806.70582747634
365806.7443463425
365806.77871563425
365806.80722139793
365806.858910648
365806.89508410223
365806.92810027045
365806.9554333278
365806.99386198376
365807.0349066738
365807.066569721
365807.1018410902
365807.14559202304
365807.1786081889
365807.2162249692
365807.2527592515
365807.29930663377
365807.33493883244
365807.3615502231
365807.40061033075
365807.43912918924
365807.47927179124
365807.51643752924
365807.5551368034
365807.5965423186
365807.64029324293
365807.6827812545
365807.7312230016
365807.7737110121
365807.81592839776
365807.8606716094
365807.90929376864
365807.9526838574
365807.9996822716
365808.0433429836
365808.08673307067
365808.1317469032
365808.1722503334
365808.22502205835
365808.2685925601
365808.3099078594
365808.34977982944
365808.39100491826
365808.43069647264
365808.46867407113
365808.5121543603
365808.5363301233
365808.56853440544
365808.65378102986
365805.379948308
365805.38166226266
365805.38481954974
365805.38499996456
365805.38572163077
365805.38436850806
365805.38472934003
365805.3912243267
365805.40241013805
365805.4164826095
365805.46113564447
365805.48964141886
365805.51471928385
365805.5312273756
365805.536639864
365805.5529675408
365805.5691147982
365805.60140931513
365805.62829134124
365805.6527377487
365805.67213249987
365805.7057801384
365805.7325719563
365805.7514254602
365805.7716320822
365805.7922897478
365805.8336050742
365805.85714939935
365805.87257499155
365805.88782016654
365805.9211971784
365805.9625125056
365805.9772164335
365805.98903369706
365806.0042788738
365806.02259112505
365806.043970453
365806.0716643492
365806.1022449071
365806.12651089416
365806.15763270063
365806.18740138435
365806.22213151574
365806.25956788927
365806.288975738
365806.3200073355
365806.3531137166
365806.3909109229
365806.4279864627
365806.4570334782
365806.480938631
365806.5243287375
365806.56374968856
365806.5999231436
365806.6367280568
365806.66902256384
365806.70582747634
365806.7443463425
365806.77871563425
365806.80722139793
365806.858910648
365806.89508410223
365806.92810027045
365806.9554333278
365806.99386198376
365807.0349066738
365807.066569721
365807.1018410902
365807.14559202304
365807.1786081889
365807.2162249692
365807.2527592515
365807.29930663377
365807.33493883244
365807.3615502231
365807.40061033075
365807.43912918924
365807.47927179124
365807.51643752924
365807.5551368034
365807.5965423186
365807.64029324293
365807.6827812545
365807.7312230016
365807.7737110121
365807.81592839776
365807.8606716094
365807.90929376864
365807.9526838574
365807.9996822716
365808.0433429836
365808.08673307067
365808.1317469032
365808.1722503334
365808.22502205835
365808.2685925601
365808.3099078594
365808.34977982944
365808.39100491826
365808.43069647264
365808.46867407113
365808.5121543603
365808.5363301233
365808.56853440544
365808.65378102986
365805.379948308
365805.38166226266
365805.38481954974
365805.38499996456
365805.38572163077
365805.38436850806
365805.38472934003
365805.3912243267
365805.40241013805
365805.4164826095
365805.46113564447
365805.48964141886
365805.51471928385
365805.5312273756
365805.536639864
365805.5529675408
365805.5691147982
365805.60140931513
365805.62829134124
365805.6527377487
365805.67213249987
365805.7057801384
365805.7325719563
365805.7514254602
365805.7716320822
365805.7922897478
365805.8336050742
365805.85714939935
365805.87257499155
365805.88782016654
365805.9211971784
365805.9625125056
365805.9772164335
365805.98903369706
365806.0042788738
365806.02259112505
365806.043970453
365806.0716643492
365806.1022449071
365806.12651089416
365806.15763270063
365806.18740138435
365806.22213151574
365806.25956788927
365806.288975738
365806.3200073355
365806.3531137166
365806.3909109229
365806.4279864627
365806.4570334782
365806.480938631
365806.5243287375
365806.56374968856
365806.5999231436
365806.6367280568
365806.66902256384
365806.70582747634
365806.7443463425
365806.77871563425
365806.80722139793
365806.858910648
365806.89508410223
365806.92810027045
365806.9554333278
365806.99386198376
365807.0349066738
365807.066569721
365807.1018410902
365807.14559202304
365807.1786081889
365807.2162249692
365807.2527592515
365807.29930663377
365807.33493883244
365807.3615502231
365807.40061033075
365807.43912918924
365807.47927179124
365807.51643752924
365807.5551368034
365807.5965423186
365807.64029324293
365807.6827812545
365807.7312230016
365807.7737110121
365807.81592839776
365807.8606716094
365807.90929376864
365807.9526838574
365807.9996822716
365808.0433429836
365808.08673307067
365808.1317469032
365808.1722503334
365808.22502205835
365808.2685925601
365808.3099078594
365808.34977982944
365808.39100491826
365808.43069647264
365808.46867407113
365808.5121543603
365808.5363301233
365808.56853440544
365808.65378102986
365805.379948308
365805.38166226266
365805.38481954974
365805.38499996456
365805.38572163077
365805.38436850806
365805.38472934003
365805.3912243267
365805.40241013805
365805.4164826095
365805.46113564447
365805.48964141886
365805.51471928385
365805.5312273756
365805.536639864
365805.5529675408
365805.5691147982
365805.60140931513
365805.62829134124
365805.6527377487
365805.67213249987
365805.7057801384
365805.7325719563
365805.7514254602
365805.7716320822
365805.7922897478
365805.8336050742
365805.85714939935
365805.87257499155
365805.88782016654
365805.9211971784
365805.9625125056
365805.9772164335
365805.98903369706
365806.0042788738
365806.02259112505
365806.043970453
365806.0716643492
365806.1022449071
365806.12651089416
365806.15763270063
365806.18740138435
365806.22213151574
365806.25956788927
365806.288975738
365806.3200073355
365806.3531137166
365806.3909109229
365806.4279864627
365806.4570334782
365806.480938631
365806.5243287375
365806.56374968856
365806.5999231436
365806.6367280568
365806.66902256384
365806.70582747634
365806.7443463425
365806.77871563425
365806.80722139793
365806.858910648
365806.89508410223
365806.92810027045
365806.9554333278
365806.99386198376
365807.0349066738
365807.066569721
365807.1018410902
365807.14559202304
365807.1786081889
365807.2162249692
365807.2527592515
365807.29930663377
365807.33493883244
365807.3615502231
365807.40061033075
365807.43912918924
365807.47927179124
365807.51643752924
365807.5551368034
365807.5965423186
365807.64029324293
365807.6827812545
365807.7312230016
365807.7737110121
365807.81592839776
365807.8606716094
365807.90929376864
365807.9526838574
365807.9996822716
365808.0433429836
365808.08673307067
365808.1317469032
365808.1722503334
365808.22502205835
365808.2685925601
365808.3099078594
365808.34977982944
365808.39100491826
365808.43069647264
365808.46867407113
365808.5121543603
365808.5363301233
365808.56853440544
365808.65378102986
365805.379948308
365805.38166226266
365805.38481954974
365805.38499996456
365805.38572163077
365805.38436850806
365805.38472934003
365805.3912243267
365805.40241013805
365805.4164826095
365805.46113564447
365805.48964141886
365805.51471928385
365805.5312273756
365805.536639864
365805.5529675408
365805.5691147982
365805.60140931513
365805.62829134124
365805.6527377487
365805.67213249987
365805.7057801384
365805.7325719563
365805.7514254602
365805.7716320822
365805.7922897478
365805.8336050742
365805.85714939935
365805.87257499155
365805.88782016654
365805.9211971784
365805.9625125056
365805.9772164335
365805.98903369706
365806.0042788738
365806.02259112505
365806.043970453
365806.0716643492
365806.1022449071
365806.12651089416
365806.15763270063
365806.18740138435
365806.22213151574
365806.25956788927
365806.288975738
365806.3200073355
365806.3531137166
365806.3909109229
365806.4279864627
365806.4570334782
365806.480938631
365806.5243287375
365806.56374968856
365806.5999231436
365806.6367280568
365806.66902256384
365806.70582747634
365806.7443463425
365806.77871563425
365806.80722139793
365806.858910648
365806.89508410223
365806.92810027045
365806.9554333278
365806.99386198376
365807.0349066738
365807.066569721
365807.1018410902
365807.14559202304
365807.1786081889
365807.2162249692
365807.2527592515
365807.29930663377
365807.33493883244
365807.3615502231
365807.40061033075
365807.43912918924
365807.47927179124
365807.51643752924
365807.5551368034
365807.5965423186
365807.64029324293
365807.6827812545
365807.7312230016
365807.7737110121
365807.81592839776
365807.8606716094
365807.90929376864
365807.9526838574
365807.9996822716
365808.0433429836
365808.08673307067
365808.1317469032
365808.1722503334
365808.22502205835
365808.2685925601
365808.3099078594
365808.34977982944
365808.39100491826
365808.43069647264
365808.46867407113
365808.5121543603
365808.5363301233
365808.56853440544
365808.65378102986
365805.379948308
365805.38166226266
365805.38481954974
365805.38499996456
365805.38572163077
365805.38436850806
365805.38472934003
365805.3912243267
365805.40241013805
365805.4164826095
365805.46113564447
365805.48964141886
365805.51471928385
365805.5312273756
365805.536639864
365805.5529675408
365805.5691147982
365805.60140931513
365805.62829134124
365805.6527377487
365805.67213249987
365805.7057801384
365805.7325719563
365805.7514254602
365805.7716320822
365805.7922897478
365805.8336050742
365805.85714939935
365805.87257499155
365805.88782016654
365805.9211971784
365805.9625125056
365805.9772164335
365805.98903369706
365806.0042788738
365806.02259112505
365806.043970453
365806.0716643492
365806.1022449071
365806.12651089416
365806.15763270063
365806.18740138435
365806.22213151574
365806.25956788927
365806.288975738
365806.3200073355
365806.3531137166
365806.3909109229
365806.4279864627
365806.4570334782
365806.480938631
365806.5243287375
365806.56374968856
365806.5999231436
365806.6367280568
365806.66902256384
365806.70582747634
365806.7443463425
365806.77871563425
365806.80722139793
365806.858910648
365806.89508410223
365806.92810027045
365806.9554333278
365806.99386198376
365807.0349066738
365807.066569721
365807.1018410902
365807.14559202304
365807.1786081889
365807.2162249692
365807.2527592515
365807.29930663377
365807.33493883244
365807.3615502231
365807.40061033075
365807.43912918924
365807.47927179124
365807.51643752924
365807.5551368034
365807.5965423186
365807.64029324293
365807.6827812545
365807.7312230016
365807.7737110121
365807.81592839776
365807.8606716094
365807.90929376864
365807.9526838574
365807.9996822716
365808.0433429836
365808.08673307067
365808.1317469032
365808.1722503334
365808.22502205835
365808.2685925601
365808.3099078594
365808.34977982944
365808.39100491826
365808.43069647264
365808.46867407113
365808.5121543603
365808.5363301233
365808.56853440544
365808.65378102986
365805.379948308
365805.38166226266
365805.38481954974
365805.38499996456
365805.38572163077
365805.38436850806
365805.38472934003
365805.3912243267
365805.40241013805
365805.4164826095
365805.46113564447
365805.48964141886
365805.51471928385
365805.5312273756
365805.536639864
365805.5529675408
365805.5691147982
365805.60140931513
365805.62829134124
365805.6527377487
365805.67213249987
365805.7057801384
365805.7325719563
365805.7514254602
365805.7716320822
365805.7922897478
365805.8336050742
365805.85714939935
365805.87257499155
365805.88782016654
365805.9211971784
365805.9625125056
365805.9772164335
365805.98903369706
365806.0042788738
365806.02259112505
365806.043970453
365806.0716643492
365806.1022449071
365806.12651089416
365806.15763270063
365806.18740138435
365806.22213151574
365806.25956788927
365806.288975738
365806.3200073355
365806.3531137166
365806.3909109229
365806.4279864627
365806.4570334782
365806.480938631
365806.5243287375
365806.56374968856
365806.5999231436
365806.6367280568
365806.66902256384
365806.70582747634
365806.7443463425
365806.77871563425
365806.80722139793
365806.858910648
365806.89508410223
365806.92810027045
365806.9554333278
365806.99386198376
365807.0349066738
365807.066569721
365807.1018410902
365807.14559202304
365807.1786081889
365807.2162249692
365807.2527592515
365807.29930663377
365807.33493883244
365807.3615502231
365807.40061033075
365807.43912918924
365807.47927179124
365807.51643752924
365807.5551368034
365807.5965423186
365807.64029324293
365807.6827812545
365807.7312230016
365807.7737110121
365807.81592839776
365807.8606716094
365807.90929376864
365807.9526838574
365807.9996822716
365808.0433429836
365808.08673307067
365808.1317469032
365808.1722503334
365808.22502205835
365808.2685925601
365808.3099078594
365808.34977982944
365808.39100491826
365808.43069647264
365808.46867407113
365808.5121543603
365808.5363301233
365808.56853440544
365808.65378102986
365805.379948308
365805.38166226266
365805.38481954974
365805.38499996456
365805.38572163077
365805.38436850806
365805.38472934003
365805.3912243267
365805.40241013805
365805.4164826095
365805.46113564447
365805.48964141886
365805.51471928385
365805.5312273756
365805.536639864
365805.5529675408
365805.5691147982
365805.60140931513
365805.62829134124
365805.6527377487
365805.67213249987
365805.7057801384
365805.7325719563
365805.7514254602
365805.7716320822
365805.7922897478
365805.8336050742
365805.85714939935
365805.87257499155
365805.88782016654
365805.9211971784
365805.9625125056
365805.9772164335
365805.98903369706
365806.0042788738
365806.02259112505
365806.043970453
365806.0716643492
365806.1022449071
365806.12651089416
365806.15763270063