4149451.2863487643
4149451.339031195
4149451.39368511
4149451.442862681
4149451.5069359085
4149451.559837393
4149451.610000707
4149451.658411589
4149451.708465377
4149451.756657206
4149451.802768025
4149451.8555599847
4149451.8849131917
4149451.92401429
4149452.027517201
4149448.052567962
4149448.0546489717
4149448.058482412
4149448.058701465
4149448.059577681
4149448.057934778
4149448.0583728836
4149448.0662588184
4149448.079840149
4149448.096926338
4149448.151142131
4149448.185752617
4149448.2162010837
4149448.2362444983
4149448.2428161106
4149448.262640471
4149448.282245778
4149448.321456395
4149448.3540953975
4149448.383777176
4149448.4073254494
4149448.4481789675
4149448.4807084454
4149448.503599559
4149448.528133576
4149448.553215226
4149448.603378528
4149448.6319650374
4149448.650694132
4149448.669204171
4149448.7097291094
4149448.759892412
4149448.7777452897
4149448.7920933086
4149448.8106033476
4149448.8328373013
4149448.8587951674
4149448.892419914
4149448.929549519
4149448.9590122458
4149448.9967990136
4149449.032942879
4149449.075110722
4149449.1205643704
4149449.1562701277
4149449.1939473697
4149449.2341437293
4149449.2800354864
4149449.325051028
4149449.3603186766
4149449.389343297
4149449.44202572
4149449.4898889605
4149449.5338092344
4149449.578496197
4149449.6177068166
4149449.6623937786
4149449.709161751
4149449.7508914885
4149449.785501979
4149449.848260875
4149449.8921811506
4149449.9322679867
4149449.9654546278
4149450.012113075
4149450.0619478016
4149450.100391734
4149450.143216742
4149450.1963372747
4149450.236424111
4149450.282096818
4149450.326455201
4149450.382971068
4149450.4262341843
4149450.4585446124
4149450.505969749
4149450.5527377254
4149450.601477185
4149450.6466022586
4149450.6935892887
4149450.743862126
4149450.7969826614
4149450.8485698216
4149450.907385757
4149450.958972916
4149451.0102314968
4149451.0645568296
4149451.123591817
4149451.176274247
4149451.233337753
4149451.2863487643
4149451.339031195
4149451.39368511
4149451.442862681
4149451.5069359085
4149451.559837393
4149451.610000707
4149451.658411589
4149451.708465377
4149451.756657206
4149451.802768025
4149451.8555599847
4149451.8849131917
4149451.92401429
4149452.027517201
4149448.052567962
4149448.0546489717
4149448.058482412
4149448.058701465
4149448.059577681
4149448.057934778
4149448.0583728836
4149448.0662588184
4149448.079840149
4149448.096926338
4149448.151142131
4149448.185752617
4149448.2162010837
4149448.2362444983
4149448.2428161106
4149448.262640471
4149448.282245778
4149448.321456395
4149448.3540953975
4149448.383777176
4149448.4073254494
4149448.4481789675
4149448.4807084454
4149448.503599559
4149448.528133576
4149448.553215226
4149448.603378528
4149448.6319650374
4149448.650694132
4149448.669204171
4149448.7097291094
4149448.759892412
4149448.7777452897
4149448.7920933086
4149448.8106033476
4149448.8328373013
4149448.8587951674
4149448.892419914
4149448.929549519
4149448.9590122458
4149448.9967990136
4149449.032942879
4149449.075110722
4149449.1205643704
4149449.1562701277
4149449.1939473697
4149449.2341437293
4149449.2800354864
4149449.325051028
4149449.3603186766
4149449.389343297
4149449.44202572
4149449.4898889605
4149449.5338092344
4149449.578496197
4149449.6177068166
4149449.6623937786
4149449.709161751
4149449.7508914885
4149449.785501979
4149449.848260875
4149449.8921811506
4149449.9322679867
4149449.9654546278
4149450.012113075
4149450.0619478016
4149450.100391734
4149450.143216742
4149450.1963372747
4149450.236424111
4149450.282096818
4149450.326455201
4149450.382971068
4149450.4262341843
4149450.4585446124
4149450.505969749
4149450.5527377254
4149450.601477185
4149450.6466022586
4149450.6935892887
4149450.743862126
4149450.7969826614
4149450.8485698216
4149450.907385757
4149450.958972916
4149451.0102314968
4149451.0645568296
4149451.123591817
4149451.176274247
4149451.233337753
4149451.2863487643
4149451.339031195
4149451.39368511
4149451.442862681
4149451.5069359085
4149451.559837393
4149451.610000707
4149451.658411589
4149451.708465377
4149451.756657206
4149451.802768025
4149451.8555599847
4149451.8849131917
4149451.92401429
4149452.027517201
4149448.052567962
4149448.0546489717
4149448.058482412
4149448.058701465
4149448.059577681
4149448.057934778
4149448.0583728836
4149448.0662588184
4149448.079840149
4149448.096926338
4149448.151142131
4149448.185752617
4149448.2162010837
4149448.2362444983
4149448.2428161106
4149448.262640471
4149448.282245778
4149448.321456395
4149448.3540953975
4149448.383777176
4149448.4073254494
4149448.4481789675
4149448.4807084454
4149448.503599559
4149448.528133576
4149448.553215226
4149448.603378528
4149448.6319650374
4149448.650694132
4149448.669204171
4149448.7097291094
4149448.759892412
4149448.7777452897
4149448.7920933086
4149448.8106033476
4149448.8328373013
4149448.8587951674
4149448.892419914
4149448.929549519
4149448.9590122458
4149448.9967990136
4149449.032942879
4149449.075110722
4149449.1205643704
4149449.1562701277
4149449.1939473697
4149449.2341437293
4149449.2800354864
4149449.325051028
4149449.3603186766
4149449.389343297
4149449.44202572
4149449.4898889605
4149449.5338092344
4149449.578496197
4149449.6177068166
4149449.6623937786
4149449.709161751
4149449.7508914885
4149449.785501979
4149449.848260875
4149449.8921811506
4149449.9322679867
4149449.9654546278
4149450.012113075
4149450.0619478016
4149450.100391734
4149450.143216742
4149450.1963372747
4149450.236424111
4149450.282096818
4149450.326455201
4149450.382971068
4149450.4262341843
4149450.4585446124
4149450.505969749
4149450.5527377254
4149450.601477185
4149450.6466022586
4149450.6935892887
4149450.743862126
4149450.7969826614
4149450.8485698216
4149450.907385757
4149450.958972916
4149451.0102314968
4149451.0645568296
4149451.123591817
4149451.176274247
4149451.233337753
4149451.2863487643
4149451.339031195
4149451.39368511
4149451.442862681
4149451.5069359085
4149451.559837393
4149451.610000707
4149451.658411589
4149451.708465377
4149451.756657206
4149451.802768025
4149451.8555599847
4149451.8849131917
4149451.92401429
4149452.027517201
4149448.052567962
4149448.0546489717
4149448.058482412
4149448.058701465
4149448.059577681
4149448.057934778
4149448.0583728836
4149448.0662588184
4149448.079840149
4149448.096926338
4149448.151142131
4149448.185752617
4149448.2162010837
4149448.2362444983
4149448.2428161106
4149448.262640471
4149448.282245778
4149448.321456395
4149448.3540953975
4149448.383777176
4149448.4073254494
4149448.4481789675
4149448.4807084454
4149448.503599559
4149448.528133576
4149448.553215226
4149448.603378528
4149448.6319650374
4149448.650694132
4149448.669204171
4149448.7097291094
4149448.759892412
4149448.7777452897
4149448.7920933086
4149448.8106033476
4149448.8328373013
4149448.8587951674
4149448.892419914
4149448.929549519
4149448.9590122458
4149448.9967990136
4149449.032942879
4149449.075110722
4149449.1205643704
4149449.1562701277
4149449.1939473697
4149449.2341437293
4149449.2800354864
4149449.325051028
4149449.3603186766
4149449.389343297
4149449.44202572
4149449.4898889605
4149449.5338092344
4149449.578496197
4149449.6177068166
4149449.6623937786
4149449.709161751
4149449.7508914885
4149449.785501979
4149449.848260875
4149449.8921811506
4149449.9322679867
4149449.9654546278
4149450.012113075
4149450.0619478016
4149450.100391734
4149450.143216742
4149450.1963372747
4149450.236424111
4149450.282096818
4149450.326455201
4149450.382971068
4149450.4262341843
4149450.4585446124
4149450.505969749
4149450.5527377254
4149450.601477185
4149450.6466022586
4149450.6935892887
4149450.743862126
4149450.7969826614
4149450.8485698216
4149450.907385757
4149450.958972916
4149451.0102314968
4149451.0645568296
4149451.123591817
4149451.176274247
4149451.233337753
4149451.2863487643
4149451.339031195
4149451.39368511
4149451.442862681
4149451.5069359085
4149451.559837393
4149451.610000707
4149451.658411589
4149451.708465377
4149451.756657206
4149451.802768025
4149451.8555599847
4149451.8849131917
4149451.92401429
4149452.027517201
4149448.052567962
4149448.0546489717
4149448.058482412
4149448.058701465
4149448.059577681
4149448.057934778
4149448.0583728836
4149448.0662588184
4149448.079840149
4149448.096926338
4149448.151142131
4149448.185752617
4149448.2162010837
4149448.2362444983
4149448.2428161106
4149448.262640471
4149448.282245778
4149448.321456395
4149448.3540953975
4149448.383777176
4149448.4073254494
4149448.4481789675
4149448.4807084454
4149448.503599559
4149448.528133576
4149448.553215226
4149448.603378528
4149448.6319650374
4149448.650694132
4149448.669204171
4149448.7097291094
4149448.759892412
4149448.7777452897
4149448.7920933086
4149448.8106033476
4149448.8328373013
4149448.8587951674
4149448.892419914
4149448.929549519
4149448.9590122458
4149448.9967990136
4149449.032942879
4149449.075110722
4149449.1205643704
4149449.1562701277
4149449.1939473697
4149449.2341437293
4149449.2800354864
4149449.325051028
4149449.3603186766
4149449.389343297
4149449.44202572
4149449.4898889605
4149449.5338092344
4149449.578496197
4149449.6177068166
4149449.6623937786
4149449.709161751
4149449.7508914885
4149449.785501979
4149449.848260875
4149449.8921811506
4149449.9322679867
4149449.9654546278
4149450.012113075
4149450.0619478016
4149450.100391734
4149450.143216742
4149450.1963372747
4149450.236424111
4149450.282096818
4149450.326455201
4149450.382971068
4149450.4262341843
4149450.4585446124
4149450.505969749
4149450.5527377254
4149450.601477185
4149450.6466022586
4149450.6935892887
4149450.743862126
4149450.7969826614
4149450.8485698216
4149450.907385757
4149450.958972916
4149451.0102314968
4149451.0645568296
4149451.123591817
4149451.176274247
4149451.233337753
4149451.2863487643
4149451.339031195
4149451.39368511
4149451.442862681
4149451.5069359085
4149451.559837393
4149451.610000707
4149451.658411589
4149451.708465377
4149451.756657206
4149451.802768025
4149451.8555599847
4149451.8849131917
4149451.92401429
4149452.027517201
4149448.052567962
4149448.0546489717
4149448.058482412
4149448.058701465
4149448.059577681
4149448.057934778
4149448.0583728836
4149448.0662588184
4149448.079840149
4149448.096926338
4149448.151142131
4149448.185752617
4149448.2162010837
4149448.2362444983
4149448.2428161106
4149448.262640471
4149448.282245778
4149448.321456395
4149448.3540953975
4149448.383777176
4149448.4073254494
4149448.4481789675
4149448.4807084454
4149448.503599559
4149448.528133576
4149448.553215226
4149448.603378528
4149448.6319650374
4149448.650694132
4149448.669204171
4149448.7097291094
4149448.759892412
4149448.7777452897
4149448.7920933086
4149448.8106033476
4149448.8328373013
4149448.8587951674
4149448.892419914
4149448.929549519
4149448.9590122458
4149448.9967990136
4149449.032942879
4149449.075110722
4149449.1205643704
4149449.1562701277
4149449.1939473697
4149449.2341437293
4149449.2800354864
4149449.325051028
4149449.3603186766
4149449.389343297
4149449.44202572
4149449.4898889605
4149449.5338092344
4149449.578496197
4149449.6177068166
4149449.6623937786
4149449.709161751
4149449.7508914885
4149449.785501979
4149449.848260875
4149449.8921811506
4149449.9322679867
4149449.9654546278
4149450.012113075
4149450.0619478016
4149450.100391734
4149450.143216742
4149450.1963372747
4149450.236424111
4149450.282096818
4149450.326455201
4149450.382971068
4149450.4262341843
4149450.4585446124
4149450.505969749
4149450.5527377254
4149450.601477185
4149450.6466022586
4149450.6935892887
4149450.743862126
4149450.7969826614
4149450.8485698216
4149450.907385757
4149450.958972916
4149451.0102314968
4149451.0645568296
4149451.123591817
4149451.176274247
4149451.233337753
4149451.2863487643
4149451.339031195
4149451.39368511
4149451.442862681
4149451.5069359085
4149451.559837393
4149451.610000707
4149451.658411589
4149451.708465377
4149451.756657206
4149451.802768025
4149451.8555599847
4149451.8849131917
4149451.92401429
4149452.027517201
4149448.052567962
4149448.0546489717
4149448.058482412
4149448.058701465
4149448.059577681
4149448.057934778
4149448.0583728836
4149448.0662588184
4149448.079840149
4149448.096926338
4149448.151142131
4149448.185752617
4149448.2162010837
4149448.2362444983
4149448.2428161106
4149448.262640471
4149448.282245778
4149448.321456395
4149448.3540953975
4149448.383777176
4149448.4073254494
4149448.4481789675
4149448.4807084454
4149448.503599559
4149448.528133576
4149448.553215226
4149448.603378528
4149448.6319650374
4149448.650694132
4149448.669204171
4149448.7097291094
4149448.759892412
4149448.7777452897
4149448.7920933086
4149448.8106033476
4149448.8328373013
4149448.8587951674
4149448.892419914
4149448.929549519
4149448.9590122458
4149448.9967990136
4149449.032942879
4149449.075110722
4149449.1205643704
4149449.1562701277
4149449.1939473697
4149449.2341437293
4149449.2800354864
4149449.325051028
4149449.3603186766
4149449.389343297
4149449.44202572
4149449.4898889605
4149449.5338092344
4149449.578496197
4149449.6177068166
4149449.6623937786
4149449.709161751
4149449.7508914885
4149449.785501979
4149449.848260875
4149449.8921811506
4149449.9322679867
4149449.9654546278
4149450.012113075
4149450.0619478016
4149450.100391734
4149450.143216742
4149450.1963372747
4149450.236424111
4149450.282096818
4149450.326455201
4149450.382971068
4149450.4262341843
4149450.4585446124
4149450.505969749
4149450.5527377254
4149450.601477185
4149450.6466022586
4149450.6935892887
4149450.743862126
4149450.7969826614
4149450.8485698216
4149450.907385757
4149450.958972916
4149451.0102314968
4149451.0645568296
4149451.123591817
4149451.176274247
4149451.233337753
4149451.2863487643
4149451.339031195
4149451.39368511
4149451.442862681
4149451.5069359085
4149451.559837393
4149451.610000707
4149451.658411589
4149451.708465377
4149451.756657206
4149451.802768025
4149451.8555599847
4149451.8849131917
4149451.92401429
4149452.027517201
4149448.052567962
4149448.0546489717
4149448.058482412
4149448.058701465
4149448.059577681
4149448.057934778
4149448.0583728836
4149448.0662588184
4149448.079840149
4149448.096926338
4149448.151142131
4149448.185752617
4149448.2162010837
4149448.2362444983
4149448.2428161106
4149448.262640471
4149448.282245778
4149448.321456395
4149448.3540953975
4149448.383777176
4149448.4073254494
4149448.4481789675
4149448.4807084454
4149448.503599559
4149448.528133576
4149448.553215226
4149448.603378528
4149448.6319650374
4149448.650694132
4149448.669204171
4149448.7097291094
4149448.759892412
4149448.7777452897
4149448.7920933086
4149448.8106033476
4149448.8328373013
4149448.8587951674
4149448.892419914
4149448.929549519
4149448.9590122458
4149448.9967990136
4149449.032942879
4149449.075110722
4149449.1205643704
4149449.1562701277
4149449.1939473697
4149449.2341437293
4149449.2800354864
4149449.325051028
4149449.3603186766
4149449.389343297
4149449.44202572
4149449.4898889605
4149449.5338092344
4149449.578496197
4149449.6177068166
4149449.6623937786
4149449.709161751
4149449.7508914885
4149449.785501979
4149449.848260875
4149449.8921811506
4149449.9322679867
4149449.9654546278
4149450.012113075
4149450.0619478016
4149450.100391734
4149450.143216742
4149450.1963372747
4149450.236424111
4149450.282096818
4149450.326455201
4149450.382971068
4149450.4262341843
4149450.4585446124
4149450.505969749
4149450.5527377254
4149450.601477185
4149450.6466022586
4149450.6935892887
4149450.743862126
4149450.7969826614
4149450.8485698216
4149450.907385757
4149450.958972916
4149451.0102314968
4149451.0645568296
4149451.123591817
4149451.176274247
4149451.233337753
4149451.2863487643
4149451.339031195
4149451.39368511
4149451.442862681
4149451.5069359085
4149451.559837393
4149451.610000707
4149451.658411589
4149451.708465377
4149451.756657206
4149451.802768025
4149451.8555599847
4149451.8849131917
4149451.92401429
4149452.027517201
4149448.052567962
4149448.0546489717
4149448.058482412
4149448.058701465
4149448.059577681
4149448.057934778
4149448.0583728836
4149448.0662588184
4149448.079840149
4149448.096926338
4149448.151142131
4149448.185752617
4149448.2162010837
4149448.2362444983
4149448.2428161106
4149448.262640471
4149448.282245778
4149448.321456395
4149448.3540953975
4149448.383777176
4149448.4073254494
4149448.4481789675
4149448.4807084454
4149448.503599559
4149448.528133576
4149448.553215226
4149448.603378528
4149448.6319650374
4149448.650694132
4149448.669204171
4149448.7097291094
4149448.759892412
4149448.7777452897
4149448.7920933086
4149448.8106033476
4149448.8328373013
4149448.8587951674
4149448.892419914
4149448.929549519
4149448.9590122458
4149448.9967990136
4149449.032942879
4149449.075110722
4149449.1205643704
4149449.1562701277
4149449.1939473697
4149449.2341437293
4149449.2800354864
4149449.325051028
4149449.3603186766
4149449.389343297
4149449.44202572
4149449.4898889605
4149449.5338092344
4149449.578496197
4149449.6177068166
4149449.6623937786
4149449.709161751
4149449.7508914885
4149449.785501979
4149449.848260875
4149449.8921811506
4149449.9322679867
4149449.9654546278
4149450.012113075
4149450.0619478016
4149450.100391734
4149450.143216742
4149450.1963372747
4149450.236424111
4149450.282096818
4149450.326455201
4149450.382971068
4149450.4262341843
4149450.4585446124
4149450.505969749
4149450.5527377254
4149450.601477185
4149450.6466022586
4149450.6935892887
4149450.743862126
4149450.7969826614
4149450.8485698216
4149450.907385757
4149450.958972916
4149451.0102314968
4149451.0645568296
4149451.123591817
4149451.176274247
4149451.233337753
4149451.2863487643
4149451.339031195
4149451.39368511
4149451.442862681
4149451.5069359085
4149451.559837393
4149451.610000707
4149451.658411589
4149451.708465377
4149451.756657206
4149451.802768025
4149451.8555599847
4149451.8849131917
4149451.92401429
4149452.027517201
4149448.052567962
4149448.0546489717
4149448.058482412
4149448.058701465
4149448.059577681
4149448.057934778
4149448.0583728836
4149448.0662588184
4149448.079840149
4149448.096926338
4149448.151142131
4149448.185752617
4149448.2162010837
4149448.2362444983
4149448.2428161106
4149448.262640471
4149448.282245778
4149448.321456395
4149448.3540953975
4149448.383777176
4149448.4073254494
4149448.4481789675
4149448.4807084454
4149448.503599559
4149448.528133576
4149448.553215226
4149448.603378528
4149448.6319650374
4149448.650694132
4149448.669204171
4149448.7097291094
4149448.759892412
4149448.7777452897
4149448.7920933086
4149448.8106033476
4149448.8328373013
4149448.8587951674
4149448.892419914
4149448.929549519
4149448.9590122458
4149448.9967990136